
4D 5A 00 00 00 00 00 00 00 85 FF F9 
00 05 16 F5 
00 1D 00 22 00 07 
00 00 18 47 
00 00 00 00 
00 02 ///  2= 怪物
00 00 00 00 
00 00 00 00 
00 00 00 00 
06 D1 F2 CD B7 B9 D6 
00 14 
00 
00 
00 
00 00 00 00 
00 00 00 00 
00 00 18 47 
00 00 00 00 
00 00 00 00 
00 00 00 00 
00 00 00 00 
00 00 00 00 
00 00 00 00 
00 00 00 00 
00 00 
00 00 
00 00 
00 00 00 00 
00 00 00 00 
00 00 
00 
00 
00 00 
00 00 00 00 
00 00 00 00 
00 00 00 00 
00 00 00 00 
00 00 18 47 
00 00 00 00 
00 00 00 
4D 5A 00 00 00 00 00 00 00 07 F0 E7 00 05 16 F5 00 




